-10.24835,-3.264975,0.00485,"[0.1383,-0.9761,0.1678;0.9426,0.1818,0.2803;0.3033,-0.114,-0.946]",10.7558710942269,"[0.1383,-0.9761,0.1678,-10.25;0.9426,0.1818,0.2803,-3.265;0.3033,-0.114,-0.946,0.00485;0,0,0,1]",1.42508256423695,-0.308163725789735,-3.02165589244388
0,0,0,"[-0.008189,0.9999,-0.009482;-0.9999,-0.008086,0.01088;-0.0108,-0.01037,-0.9999]",0,"[-0.008189,0.9999,-0.009482,0;-0.9999,-0.008086,0.01088,0;-0.0108,-0.01037,-0.9999,0;0,0,0,1]",-1.57898590874604,0.010798136073679,-3.13122585435456
-1.62637499999999,-0.053825,-1.481525,"[0.06716,0.9977,0.004361;0.002384,-0.004531,1;-0.998,0.06257,0.002663]",2.2006610590627,"[0.06716,0.9977,0.004361,-1.626;0.002384,-0.004531,1,-0.05382;-0.998,0.06257,0.002663,-1.482;0,0,0,1]",0.035481248691374,1.50812723036984,1.52826879217511
0.205550000000017,-4.491225,0.353525,"[-0.04456,0.999,-0.0004368;-0.999,-0.04456,-0.005324;0.005252,0.001751,-1]",4.50980406766746,"[-0.04456,0.999,-0.0004368,0.2056;-0.999,-0.04456,-0.005324,-4.491;0.005252,0.001751,-1,0.3535;0,0,0,1]",-1.61536733388729,-0.005251584812718,3.13984210833198
-2.9394,0.022925000000001,-1.481825,"[0.04626,0.9989,0.0048;0.002818,-0.004936,1;-0.999,0.04513,0.003038]",3.29186926323783,"[0.04626,0.9989,0.0048,-2.939;0.002818,-0.004936,1,0.02293;-0.999,0.04513,0.003038,-1.482;0,0,0,1]",0.060838958775258,1.52554690887039,1.50359000101254
-4.04557499999999,-0.000799999999998,-1.4862,"[0.07891,0.9969,-0.001315;-0.00424,0.001655,1;-0.9975,0.07041,-0.004346]",4.30992670014525,"[0.07891,0.9969,-0.001315,-4.046;-0.00424,0.001655,1,-0.0008;-0.9975,0.07041,-0.004346,-1.486;0,0,0,1]",-0.053686822551804,1.50019129296351,1.63244649743412
-1.44580970333298,-4.75203495483565,0.660559359855963,"[0.9974,-0.07091,0.01332;0.07079,0.9974,0.009374;0.01172,0.008452,-0.9999]",5.01084230226067,"[0.9974,-0.07091,0.01332,-1.446;0.07079,0.9974,0.009374,-4.752;0.01172,0.008452,-0.9999,0.6606;0,0,0,1]",0.070861134710099,-0.011720309997662,3.13314043725063
